SPLINETABLE Sensor:Pt111 SerialNo.:P8764
81
1.73621                 14.                       
1.77499                 15.                       
1.82098                 16.                       
1.87462                 17.                       
1.93653                 18.                       
2.00702                 19.                       
2.08673                 20.                       
2.27536                 22.                       
2.50516                 24.                       
2.77804                 26.                       
3.09545                 28.                       
3.45792                 30.                       
3.8649                  32.                       
4.31516                 34.                       
4.80714                 36.                       
5.339                   38.                       
5.9084                  40.                       
6.51265                 42.
7.14881                 44.                       
7.81392                 46.                       
8.50515                 48.                       
9.21982                 50.                       
9.95542                 52.                       
10.7097                 54.                       
11.4803                 56.                       
12.2651                 58.                       
13.0624                 60.                       
15.0985                 65.                       
17.1788                 70.                       
19.2871                 75.                       
20.2841                 77.35                    
21.4115                 80.                       
23.5435                 85.                       
25.6771                 90.                       
27.8079                 95.                       
29.9343                 100.                      
32.0545                 105.
34.1675                 110.                      
36.2728                 115.                      
38.3703                 120.                      
40.46                   125.                      
42.5423                 130.                      
44.6174                 135.                      
46.6857                 140.                      
48.7474                 145.                      
50.803                  150.                      
52.8528                 155.                      
54.897                  160.                      
56.9359                 165.                      
58.9698                 170.                      
60.9988                 175.                      
63.0232                 180.                      
65.0431                 185.                      
67.0588                 190.                      
69.0704                 195.                      
71.078                  200.
73.0817                 205.                      
75.0818                 210.                      
77.0782                 215.                      
79.0712                 220.                      
81.0607                 225.                      
83.0469                 230.                      
85.0297                 235.                      
87.0094                 240.                      
88.9858                 245.                      
90.959                  250.                      
92.929                  255.                      
94.8959                 260.                     
96.8596                 265.                      
98.8202                 270.                      
100.778                 275.                      
102.732                 280.                      
104.683                 285.                      
106.632                 290.                      
108.578                 295.
110.52                  300.                      
112.46                  305.                      
114.398                 310.                      
116.333                 315.                     
118.265                 320.                      
120.194                 325.
